# all the primitive variables
 6.157750  0.202137  0.761102  0.156538  0.010732 
 6.083548  0.222140  0.731928  0.192641  -0.000223 
 6.120649  0.212139  0.746515  0.174589  0.005254 
 6.120649  0.212139  0.746515  0.174589  0.005254 
 6.133621  0.209556  0.748828  0.174342  0.004246 
 6.133621  0.209556  0.748828  0.174342  0.004246 
 6.133880  0.209741  0.748681  0.174471  0.003320 
 6.133880  0.209741  0.748681  0.174471  0.003320 
 6.129184  0.210918  0.747922  0.173881  0.002738 
 6.129184  0.210918  0.747922  0.173881  0.002738 
 6.122362  0.212527  0.746908  0.172925  0.002340 
 6.122362  0.212527  0.746908  0.172925  0.002340 
 6.114650  0.214328  0.745770  0.171805  0.002037 
 6.114650  0.214328  0.745770  0.171805  0.002037 
 6.106587  0.216216  0.744568  0.170614  0.001786 
 6.106587  0.216216  0.744568  0.170614  0.001786 
 6.098407  0.218147  0.743325  0.169392  0.001569 
 6.098407  0.218147  0.743325  0.169392  0.001569 
 6.090209  0.220099  0.742055  0.168157  0.001378 
 6.090209  0.220099  0.742055  0.168157  0.001378 
 6.082033  0.222064  0.740763  0.166916  0.001208 
 6.082033  0.222064  0.740763  0.166916  0.001208 
 6.073894  0.224037  0.739452  0.165673  0.001056 
 6.073894  0.224037  0.739452  0.165673  0.001056 
 6.065794  0.226018  0.738123  0.164429  0.000923 
 6.065794  0.226018  0.738123  0.164429  0.000923 
 6.057733  0.228004  0.736780  0.163186  0.000806 
 6.057733  0.228004  0.736780  0.163186  0.000806 
 6.049706  0.229995  0.735421  0.161943  0.000706 
 6.049706  0.229995  0.735421  0.161943  0.000706 
 6.041709  0.231992  0.734049  0.160699  0.000620 
 6.041709  0.231992  0.734049  0.160699  0.000620 
 6.033737  0.233994  0.732665  0.159457  0.000550 
 6.033737  0.233994  0.732665  0.159457  0.000550 
 6.025786  0.236000  0.731269  0.158214  0.000493 
 6.025786  0.236000  0.731269  0.158214  0.000493 
 6.017851  0.238011  0.729862  0.156972  0.000450 
 6.017851  0.238011  0.729862  0.156972  0.000450 
 6.009928  0.240027  0.728445  0.155730  0.000420 
 6.009928  0.240027  0.728445  0.155730  0.000420 
 6.002011  0.242046  0.727019  0.154489  0.000402 
 6.002011  0.242046  0.727019  0.154489  0.000402 
 5.994099  0.244070  0.725585  0.153247  0.000397 
 5.994099  0.244070  0.725585  0.153247  0.000397 
 5.986185  0.246098  0.724143  0.152006  0.000402 
 5.986185  0.246098  0.724143  0.152006  0.000402 
 5.978268  0.248130  0.722694  0.150766  0.000419 
 5.978268  0.248130  0.722694  0.150766  0.000419 
 5.970343  0.250165  0.721240  0.149526  0.000446 
 5.970343  0.250165  0.721240  0.149526  0.000446 
 5.962408  0.252204  0.719780  0.148286  0.000484 
 5.962408  0.252204  0.719780  0.148286  0.000484 
 5.954459  0.254246  0.718315  0.147046  0.000530 
 5.954459  0.254246  0.718315  0.147046  0.000530 
 5.946494  0.256291  0.716846  0.145807  0.000587 
 5.946494  0.256291  0.716846  0.145807  0.000587 
 5.938510  0.258339  0.715374  0.144568  0.000652 
 5.938510  0.258339  0.715374  0.144568  0.000652 
 5.930505  0.260390  0.713899  0.143330  0.000725 
 5.930505  0.260390  0.713899  0.143330  0.000725 
 5.922477  0.262444  0.712421  0.142092  0.000807 
 5.922477  0.262444  0.712421  0.142092  0.000807 
 5.914423  0.264500  0.710942  0.140855  0.000896 
 5.914423  0.264500  0.710942  0.140855  0.000896 
 5.906343  0.266559  0.709461  0.139618  0.000993 
 5.906343  0.266559  0.709461  0.139618  0.000993 
 5.898235  0.268619  0.707980  0.138381  0.001098 
 5.898235  0.268619  0.707980  0.138381  0.001098 
 5.890097  0.270682  0.706498  0.137146  0.001209 
 5.890097  0.270682  0.706498  0.137146  0.001209 
 5.881927  0.272747  0.705017  0.135911  0.001327 
 5.881927  0.272747  0.705017  0.135911  0.001327 
 5.873726  0.274813  0.703536  0.134676  0.001451 
 5.873726  0.274813  0.703536  0.134676  0.001451 
 5.865491  0.276881  0.702056  0.133442  0.001581 
 5.865491  0.276881  0.702056  0.133442  0.001581 
 5.857223  0.278950  0.700577  0.132209  0.001717 
 5.857223  0.278950  0.700577  0.132209  0.001717 
 5.848920  0.281021  0.699100  0.130976  0.001859 
 5.848920  0.281021  0.699100  0.130976  0.001859 
 5.840583  0.283093  0.697626  0.129745  0.002007 
 5.840583  0.283093  0.697626  0.129745  0.002007 
 5.832209  0.285165  0.696153  0.128514  0.002160 
 5.832209  0.285165  0.696153  0.128514  0.002160 
 5.823801  0.287239  0.694684  0.127284  0.002317 
 5.823801  0.287239  0.694684  0.127284  0.002317 
 5.815356  0.289312  0.693217  0.126054  0.002480 
 5.815356  0.289312  0.693217  0.126054  0.002480 
 5.806876  0.291387  0.691754  0.124826  0.002648 
 5.806876  0.291387  0.691754  0.124826  0.002648 
 5.798359  0.293462  0.690294  0.123598  0.002820 
 5.798359  0.293462  0.690294  0.123598  0.002820 
 5.789807  0.295537  0.688838  0.122371  0.002996 
 5.789807  0.295537  0.688838  0.122371  0.002996 
 5.781219  0.297612  0.687387  0.121145  0.003177 
 5.781219  0.297612  0.687387  0.121145  0.003177 
 5.772596  0.299686  0.685940  0.119921  0.003362 
 5.772596  0.299686  0.685940  0.119921  0.003362 
 5.763938  0.301761  0.684497  0.118697  0.003551 
 5.763938  0.301761  0.684497  0.118697  0.003551 
 5.755246  0.303835  0.683059  0.117474  0.003743 
 5.755246  0.303835  0.683059  0.117474  0.003743 
 5.746519  0.305909  0.681627  0.116252  0.003940 
 5.746519  0.305909  0.681627  0.116252  0.003940 
 5.737758  0.307982  0.680199  0.115031  0.004140 
 5.737758  0.307982  0.680199  0.115031  0.004140 
 5.728964  0.310054  0.678777  0.113811  0.004344 
 5.728964  0.310054  0.678777  0.113811  0.004344 
 5.720138  0.312125  0.677361  0.112592  0.004551 
 5.720138  0.312125  0.677361  0.112592  0.004551 
 5.711280  0.314196  0.675951  0.111374  0.004761 
 5.711280  0.314196  0.675951  0.111374  0.004761 
 5.702390  0.316264  0.674546  0.110158  0.004975 
 5.702390  0.316264  0.674546  0.110158  0.004975 
 5.693471  0.318332  0.673148  0.108942  0.005192 
 5.693471  0.318332  0.673148  0.108942  0.005192 
 5.684521  0.320398  0.671756  0.107728  0.005411 
 5.684521  0.320398  0.671756  0.107728  0.005411 
 5.675542  0.322462  0.670371  0.106514  0.005634 
 5.675542  0.322462  0.670371  0.106514  0.005634 
 5.666535  0.324525  0.668993  0.105302  0.005860 
 5.666535  0.324525  0.668993  0.105302  0.005860 
 5.657501  0.326586  0.667621  0.104091  0.006088 
 5.657501  0.326586  0.667621  0.104091  0.006088 
 5.648440  0.328644  0.666256  0.102881  0.006319 
 5.648440  0.328644  0.666256  0.102881  0.006319 
 5.639353  0.330701  0.664899  0.101672  0.006553 
 5.639353  0.330701  0.664899  0.101672  0.006553 
 5.630241  0.332755  0.663549  0.100465  0.006789 
 5.630241  0.332755  0.663549  0.100465  0.006789 
 5.621105  0.334807  0.662206  0.099258  0.007028 
 5.621105  0.334807  0.662206  0.099258  0.007028 
 5.611946  0.336856  0.660871  0.098053  0.007269 
 5.611946  0.336856  0.660871  0.098053  0.007269 
 5.602765  0.338902  0.659544  0.096849  0.007513 
 5.602765  0.338902  0.659544  0.096849  0.007513 
 5.593562  0.340946  0.658224  0.095647  0.007758 
 5.593562  0.340946  0.658224  0.095647  0.007758 
 5.584338  0.342987  0.656913  0.094445  0.008006 
 5.584338  0.342987  0.656913  0.094445  0.008006 
 5.575095  0.345024  0.655609  0.093245  0.008256 
 5.575095  0.345024  0.655609  0.093245  0.008256 
 5.565834  0.347059  0.654314  0.092046  0.008509 
 5.565834  0.347059  0.654314  0.092046  0.008509 
 5.556554  0.349090  0.653027  0.090848  0.008763 
 5.556554  0.349090  0.653027  0.090848  0.008763 
 5.547258  0.351118  0.651749  0.089651  0.009019 
 5.547258  0.351118  0.651749  0.089651  0.009019 
 5.537946  0.353142  0.650479  0.088456  0.009277 
 5.537946  0.353142  0.650479  0.088456  0.009277 
 5.528618  0.355162  0.649219  0.087262  0.009537 
 5.528618  0.355162  0.649219  0.087262  0.009537 
 5.519276  0.357178  0.647967  0.086069  0.009799 
 5.519276  0.357178  0.647967  0.086069  0.009799 
 5.509921  0.359191  0.646724  0.084878  0.010063 
 5.509921  0.359191  0.646724  0.084878  0.010063 
 5.500554  0.361199  0.645490  0.083687  0.010328 
 5.500554  0.361199  0.645490  0.083687  0.010328 
 5.491175  0.363203  0.644265  0.082499  0.010595 
 5.491175  0.363203  0.644265  0.082499  0.010595 
 5.481786  0.365202  0.643050  0.081311  0.010864 
 5.481786  0.365202  0.643050  0.081311  0.010864 
 5.472387  0.367198  0.641844  0.080125  0.011134 
 5.472387  0.367198  0.641844  0.080125  0.011134 
 5.462979  0.369188  0.640648  0.078940  0.011405 
 5.462979  0.369188  0.640648  0.078940  0.011405 
 5.453564  0.371174  0.639461  0.077756  0.011678 
 5.453564  0.371174  0.639461  0.077756  0.011678 
 5.444142  0.373154  0.638284  0.076574  0.011953 
 5.444142  0.373154  0.638284  0.076574  0.011953 
 5.434713  0.375130  0.637117  0.075393  0.012229 
 5.434713  0.375130  0.637117  0.075393  0.012229 
 5.425279  0.377100  0.635960  0.074213  0.012506 
 5.425279  0.377100  0.635960  0.074213  0.012506 
 5.415842  0.379065  0.634814  0.073035  0.012784 
 5.415842  0.379065  0.634814  0.073035  0.012784 
 5.406400  0.381025  0.633677  0.071858  0.013064 
 5.406400  0.381025  0.633677  0.071858  0.013064 
 5.396957  0.382979  0.632551  0.070683  0.013345 
 5.396957  0.382979  0.632551  0.070683  0.013345 
 5.387512  0.384927  0.631436  0.069509  0.013627 
 5.387512  0.384927  0.631436  0.069509  0.013627 
 5.378066  0.386870  0.630330  0.068336  0.013910 
 5.378066  0.386870  0.630330  0.068336  0.013910 
 5.368620  0.388806  0.629236  0.067165  0.014194 
 5.368620  0.388806  0.629236  0.067165  0.014194 
 5.359176  0.390736  0.628153  0.065995  0.014479 
 5.359176  0.390736  0.628153  0.065995  0.014479 
 5.349733  0.392660  0.627080  0.064827  0.014765 
 5.349733  0.392660  0.627080  0.064827  0.014765 
 5.340293  0.394577  0.626018  0.063660  0.015052 
 5.340293  0.394577  0.626018  0.063660  0.015052 
 5.330857  0.396488  0.624967  0.062494  0.015340 
 5.330857  0.396488  0.624967  0.062494  0.015340 
 5.321425  0.398392  0.623928  0.061331  0.015628 
 5.321425  0.398392  0.623928  0.061331  0.015628 
 5.311999  0.400289  0.622900  0.060168  0.015918 
 5.311999  0.400289  0.622900  0.060168  0.015918 
 5.302579  0.402179  0.621883  0.059008  0.016208 
 5.302579  0.402179  0.621883  0.059008  0.016208 
 5.293166  0.404062  0.620878  0.057848  0.016499 
 5.293166  0.404062  0.620878  0.057848  0.016499 
 5.283762  0.405938  0.619885  0.056691  0.016790 
 5.283762  0.405938  0.619885  0.056691  0.016790 
 5.274366  0.407806  0.618903  0.055535  0.017082 
 5.274366  0.407806  0.618903  0.055535  0.017082 
 5.264980  0.409667  0.617933  0.054381  0.017374 
 5.264980  0.409667  0.617933  0.054381  0.017374 
 5.255604  0.411520  0.616975  0.053228  0.017668 
 5.255604  0.411520  0.616975  0.053228  0.017668 
 5.246240  0.413365  0.616028  0.052077  0.017961 
 5.246240  0.413365  0.616028  0.052077  0.017961 
 5.236888  0.415202  0.615094  0.050928  0.018255 
 5.236888  0.415202  0.615094  0.050928  0.018255 
 5.227549  0.417031  0.614173  0.049780  0.018549 
 5.227549  0.417031  0.614173  0.049780  0.018549 
 5.218225  0.418851  0.613263  0.048634  0.018844 
 5.218225  0.418851  0.613263  0.048634  0.018844 
 5.208915  0.420663  0.612366  0.047490  0.019139 
 5.208915  0.420663  0.612366  0.047490  0.019139 
 5.199621  0.422466  0.611481  0.046348  0.019434 
 5.199621  0.422466  0.611481  0.046348  0.019434 
 5.190343  0.424261  0.610609  0.045207  0.019729 
 5.190343  0.424261  0.610609  0.045207  0.019729 
 5.181082  0.426047  0.609750  0.044069  0.020024 
 5.181082  0.426047  0.609750  0.044069  0.020024 
 5.171840  0.427823  0.608903  0.042932  0.020320 
 5.171840  0.427823  0.608903  0.042932  0.020320 
 5.162616  0.429590  0.608070  0.041798  0.020615 
 5.162616  0.429590  0.608070  0.041798  0.020615 
 5.153412  0.431349  0.607249  0.040665  0.020911 
 5.153412  0.431349  0.607249  0.040665  0.020911 
 5.144229  0.433097  0.606441  0.039534  0.021206 
 5.144229  0.433097  0.606441  0.039534  0.021206 
 5.135067  0.434836  0.605646  0.038405  0.021502 
 5.135067  0.434836  0.605646  0.038405  0.021502 
 5.125927  0.436565  0.604865  0.037279  0.021797 
 5.125927  0.436565  0.604865  0.037279  0.021797 
 5.116810  0.438284  0.604096  0.036154  0.022092 
 5.116810  0.438284  0.604096  0.036154  0.022092 
 5.107716  0.439993  0.603341  0.035032  0.022387 
 5.107716  0.439993  0.603341  0.035032  0.022387 
 5.098647  0.441692  0.602600  0.033911  0.022681 
 5.098647  0.441692  0.602600  0.033911  0.022681 
 5.089602  0.443381  0.601872  0.032793  0.022975 
 5.089602  0.443381  0.601872  0.032793  0.022975 
 5.080584  0.445059  0.601157  0.031677  0.023269 
 5.080584  0.445059  0.601157  0.031677  0.023269 
 5.071592  0.446727  0.600456  0.030563  0.023563 
 5.071592  0.446727  0.600456  0.030563  0.023563 
 5.062627  0.448384  0.599769  0.029452  0.023855 
 5.062627  0.448384  0.599769  0.029452  0.023855 
 5.053689  0.450030  0.599095  0.028343  0.024148 
 5.053689  0.450030  0.599095  0.028343  0.024148 
 5.044780  0.451665  0.598435  0.027236  0.024440 
 5.044780  0.451665  0.598435  0.027236  0.024440 
 5.035901  0.453289  0.597790  0.026132  0.024731 
 5.035901  0.453289  0.597790  0.026132  0.024731 
 5.027050  0.454902  0.597158  0.025030  0.025022 
 5.027050  0.454902  0.597158  0.025030  0.025022 
 5.018230  0.456504  0.596540  0.023930  0.025312 
 5.018230  0.456504  0.596540  0.023930  0.025312 
 5.009441  0.458095  0.595936  0.022833  0.025601 
 5.009441  0.458095  0.595936  0.022833  0.025601 
 5.000683  0.459673  0.595346  0.021738  0.025889 
 5.000683  0.459673  0.595346  0.021738  0.025889 
 4.991957  0.461241  0.594770  0.020646  0.026177 
 4.991957  0.461241  0.594770  0.020646  0.026177 
 4.983263  0.462797  0.594208  0.019557  0.026464 
 4.983263  0.462797  0.594208  0.019557  0.026464 
 4.974602  0.464341  0.593661  0.018469  0.026750 
 4.974602  0.464341  0.593661  0.018469  0.026750 
 4.965974  0.465873  0.593127  0.017385  0.027035 
 4.965974  0.465873  0.593127  0.017385  0.027035 
 4.957380  0.467393  0.592608  0.016303  0.027319 
 4.957380  0.467393  0.592608  0.016303  0.027319 
 4.948819  0.468902  0.592103  0.015224  0.027603 
 4.948819  0.468902  0.592103  0.015224  0.027603 
 4.940292  0.470398  0.591613  0.014147  0.027885 
 4.940292  0.470398  0.591613  0.014147  0.027885 
 4.931800  0.471883  0.591137  0.013073  0.028166 
 4.931800  0.471883  0.591137  0.013073  0.028166 
 4.923343  0.473355  0.590674  0.012001  0.028446 
 4.923343  0.473355  0.590674  0.012001  0.028446 
 4.914920  0.474815  0.590227  0.010932  0.028725 
 4.914920  0.474815  0.590227  0.010932  0.028725 
 4.906532  0.476264  0.589793  0.009866  0.029003 
 4.906532  0.476264  0.589793  0.009866  0.029003 
 4.898179  0.477700  0.589374  0.008802  0.029280 
 4.898179  0.477700  0.589374  0.008802  0.029280 
 4.889862  0.479124  0.588969  0.007741  0.029556 
 4.889862  0.479124  0.588969  0.007741  0.029556 
 4.881579  0.480536  0.588578  0.006683  0.029830 
 4.881579  0.480536  0.588578  0.006683  0.029830 
 4.873332  0.481936  0.588202  0.005627  0.030104 
 4.873332  0.481936  0.588202  0.005627  0.030104 
 4.865119  0.483324  0.587839  0.004573  0.030376 
 4.865119  0.483324  0.587839  0.004573  0.030376 
 4.856942  0.484700  0.587491  0.003522  0.030647 
 4.856942  0.484700  0.587491  0.003522  0.030647 
 4.848799  0.486064  0.587157  0.002474  0.030917 
 4.848799  0.486064  0.587157  0.002474  0.030917 
 4.840690  0.487416  0.586837  0.001428  0.031186 
 4.840690  0.487416  0.586837  0.001428  0.031186 
 4.832615  0.488756  0.586531  0.000385  0.031453 
 4.832615  0.488756  0.586531  0.000385  0.031453 
 4.824575  0.490085  0.586239  -0.000656  0.031719 
 4.824575  0.490085  0.586239  -0.000656  0.031719 
 4.816568  0.491402  0.585961  -0.001695  0.031985 
 4.816568  0.491402  0.585961  -0.001695  0.031985 
 4.808593  0.492707  0.585697  -0.002731  0.032249 
 4.808593  0.492707  0.585697  -0.002731  0.032249 
 4.800651  0.494001  0.585446  -0.003766  0.032512 
 4.800651  0.494001  0.585446  -0.003766  0.032512 
 4.792741  0.495284  0.585209  -0.004798  0.032773 
 4.792741  0.495284  0.585209  -0.004798  0.032773 
 4.784863  0.496555  0.584986  -0.005828  0.033034 
 4.784863  0.496555  0.584986  -0.005828  0.033034 
 4.777015  0.497816  0.584776  -0.006855  0.033294 
 4.777015  0.497816  0.584776  -0.006855  0.033294 
 4.769197  0.499066  0.584580  -0.007881  0.033552 
 4.769197  0.499066  0.584580  -0.007881  0.033552 
 4.761408  0.500305  0.584397  -0.008906  0.033810 
 4.761408  0.500305  0.584397  -0.008906  0.033810 
 4.753647  0.501533  0.584228  -0.009928  0.034066 
 4.753647  0.501533  0.584228  -0.009928  0.034066 
 4.745914  0.502751  0.584071  -0.010949  0.034322 
 4.745914  0.502751  0.584071  -0.010949  0.034322 
 4.738208  0.503959  0.583928  -0.011968  0.034577 
 4.738208  0.503959  0.583928  -0.011968  0.034577 
 4.730528  0.505158  0.583798  -0.012985  0.034831 
 4.730528  0.505158  0.583798  -0.012985  0.034831 
 4.722872  0.506346  0.583680  -0.014002  0.035084 
 4.722872  0.506346  0.583680  -0.014002  0.035084 
 4.715240  0.507525  0.583575  -0.015017  0.035336 
 4.715240  0.507525  0.583575  -0.015017  0.035336 
 4.707630  0.508695  0.583483  -0.016031  0.035588 
 4.707630  0.508695  0.583483  -0.016031  0.035588 
 4.700043  0.509856  0.583404  -0.017044  0.035839 
 4.700043  0.509856  0.583404  -0.017044  0.035839 
 4.692475  0.511009  0.583336  -0.018056  0.036090 
 4.692475  0.511009  0.583336  -0.018056  0.036090 
 4.684927  0.512153  0.583281  -0.019068  0.036340 
 4.684927  0.512153  0.583281  -0.019068  0.036340 
 4.677397  0.513288  0.583238  -0.020079  0.036590 
 4.677397  0.513288  0.583238  -0.020079  0.036590 
 4.669884  0.514416  0.583207  -0.021089  0.036839 
 4.669884  0.514416  0.583207  -0.021089  0.036839 
 4.662386  0.515537  0.583188  -0.022099  0.037088 
 4.662386  0.515537  0.583188  -0.022099  0.037088 
 4.654903  0.516649  0.583181  -0.023109  0.037337 
 4.654903  0.516649  0.583181  -0.023109  0.037337 
 4.647433  0.517755  0.583186  -0.024120  0.037586 
 4.647433  0.517755  0.583186  -0.024120  0.037586 
 4.639975  0.518855  0.583202  -0.025130  0.037834 
 4.639975  0.518855  0.583202  -0.025130  0.037834 
 4.632527  0.519947  0.583229  -0.026141  0.038083 
 4.632527  0.519947  0.583229  -0.026141  0.038083 
 4.625088  0.521034  0.583267  -0.027152  0.038332 
 4.625088  0.521034  0.583267  -0.027152  0.038332 
 4.617657  0.522115  0.583317  -0.028164  0.038581 
 4.617657  0.522115  0.583317  -0.028164  0.038581 
 4.610233  0.523190  0.583378  -0.029177  0.038831 
 4.610233  0.523190  0.583378  -0.029177  0.038831 
 4.602814  0.524260  0.583450  -0.030191  0.039080 
 4.602814  0.524260  0.583450  -0.030191  0.039080 
 4.595398  0.525326  0.583532  -0.031206  0.039331 
 4.595398  0.525326  0.583532  -0.031206  0.039331 
 4.587985  0.526386  0.583625  -0.032223  0.039582 
 4.587985  0.526386  0.583625  -0.032223  0.039582 
 4.580573  0.527443  0.583729  -0.033241  0.039833 
 4.580573  0.527443  0.583729  -0.033241  0.039833 
 4.573161  0.528495  0.583843  -0.034261  0.040086 
 4.573161  0.528495  0.583843  -0.034261  0.040086 
 4.565748  0.529544  0.583967  -0.035283  0.040339 
 4.565748  0.529544  0.583967  -0.035283  0.040339 
 4.558332  0.530590  0.584102  -0.036307  0.040593 
 4.558332  0.530590  0.584102  -0.036307  0.040593 
 4.550911  0.531632  0.584247  -0.037333  0.040848 
 4.550911  0.531632  0.584247  -0.037333  0.040848 
 4.543486  0.532672  0.584402  -0.038362  0.041104 
 4.543486  0.532672  0.584402  -0.038362  0.041104 
 4.536053  0.533709  0.584566  -0.039393  0.041362 
 4.536053  0.533709  0.584566  -0.039393  0.041362 
 4.528613  0.534745  0.584741  -0.040427  0.041621 
 4.528613  0.534745  0.584741  -0.040427  0.041621 
 4.521164  0.535778  0.584925  -0.041463  0.041881 
 4.521164  0.535778  0.584925  -0.041463  0.041881 
 4.513705  0.536810  0.585119  -0.042503  0.042143 
 4.513705  0.536810  0.585119  -0.042503  0.042143 
 4.506234  0.537841  0.585322  -0.043546  0.042406 
 4.506234  0.537841  0.585322  -0.043546  0.042406 
 4.498750  0.538871  0.585535  -0.044592  0.042671 
 4.498750  0.538871  0.585535  -0.044592  0.042671 
 4.491253  0.539900  0.585756  -0.045642  0.042937 
 4.491253  0.539900  0.585756  -0.045642  0.042937 
 4.483741  0.540929  0.585987  -0.046695  0.043206 
 4.483741  0.540929  0.585987  -0.046695  0.043206 
 4.476213  0.541957  0.586228  -0.047752  0.043476 
 4.476213  0.541957  0.586228  -0.047752  0.043476 
 4.468667  0.542986  0.586477  -0.048813  0.043748 
 4.468667  0.542986  0.586477  -0.048813  0.043748 
 4.461104  0.544016  0.586735  -0.049877  0.044022 
 4.461104  0.544016  0.586735  -0.049877  0.044022 
 4.453522  0.545046  0.587002  -0.050946  0.044299 
 4.453522  0.545046  0.587002  -0.050946  0.044299 
 4.445920  0.546077  0.587277  -0.052019  0.044577 
 4.445920  0.546077  0.587277  -0.052019  0.044577 
 4.438297  0.547110  0.587562  -0.053095  0.044858 
 4.438297  0.547110  0.587562  -0.053095  0.044858 
 4.430652  0.548144  0.587854  -0.054177  0.045141 
 4.430652  0.548144  0.587854  -0.054177  0.045141 
 4.422984  0.549179  0.588156  -0.055262  0.045426 
 4.422984  0.549179  0.588156  -0.055262  0.045426 
 4.415292  0.550217  0.588465  -0.056352  0.045714 
 4.415292  0.550217  0.588465  -0.056352  0.045714 
 4.407576  0.551257  0.588783  -0.057446  0.046005 
 4.407576  0.551257  0.588783  -0.057446  0.046005 
 4.399834  0.552300  0.589109  -0.058545  0.046297 
 4.399834  0.552300  0.589109  -0.058545  0.046297 
 4.392067  0.553345  0.589443  -0.059649  0.046593 
 4.392067  0.553345  0.589443  -0.059649  0.046593 
 4.384272  0.554394  0.589785  -0.060757  0.046891 
 4.384272  0.554394  0.589785  -0.060757  0.046891 
 4.376449  0.555445  0.590135  -0.061870  0.047192 
 4.376449  0.555445  0.590135  -0.061870  0.047192 
 4.368598  0.556500  0.590493  -0.062988  0.047495 
 4.368598  0.556500  0.590493  -0.062988  0.047495 
 4.360718  0.557559  0.590858  -0.064111  0.047802 
 4.360718  0.557559  0.590858  -0.064111  0.047802 
 4.352808  0.558621  0.591231  -0.065238  0.048111 
 4.352808  0.558621  0.591231  -0.065238  0.048111 
 4.344868  0.559688  0.591612  -0.066370  0.048423 
 4.344868  0.559688  0.591612  -0.066370  0.048423 
 4.336896  0.560758  0.592001  -0.067508  0.048738 
 4.336896  0.560758  0.592001  -0.067508  0.048738 
 4.328893  0.561833  0.592397  -0.068650  0.049057 
 4.328893  0.561833  0.592397  -0.068650  0.049057 
 4.320857  0.562913  0.592800  -0.069797  0.049378 
 4.320857  0.562913  0.592800  -0.069797  0.049378 
 4.312788  0.563998  0.593211  -0.070950  0.049702 
 4.312788  0.563998  0.593211  -0.070950  0.049702 
 4.304686  0.565087  0.593629  -0.072107  0.050030 
 4.304686  0.565087  0.593629  -0.072107  0.050030 
 4.296551  0.566182  0.594055  -0.073270  0.050361 
 4.296551  0.566182  0.594055  -0.073270  0.050361 
 4.288380  0.567282  0.594488  -0.074438  0.050695 
 4.288380  0.567282  0.594488  -0.074438  0.050695 
 4.280175  0.568387  0.594928  -0.075611  0.051032 
 4.280175  0.568387  0.594928  -0.075611  0.051032 
 4.271935  0.569498  0.595375  -0.076790  0.051373 
 4.271935  0.569498  0.595375  -0.076790  0.051373 
 4.263659  0.570615  0.595830  -0.077974  0.051717 
 4.263659  0.570615  0.595830  -0.077974  0.051717 
 4.255347  0.571738  0.596291  -0.079164  0.052065 
 4.255347  0.571738  0.596291  -0.079164  0.052065 
 4.246998  0.572866  0.596761  -0.080359  0.052416 
 4.246998  0.572866  0.596761  -0.080359  0.052416 
 4.238613  0.574001  0.597237  -0.081560  0.052771 
 4.238613  0.574001  0.597237  -0.081560  0.052771 
 4.230191  0.575142  0.597721  -0.082767  0.053130 
 4.230191  0.575142  0.597721  -0.082767  0.053130 
 4.221731  0.576290  0.598212  -0.083979  0.053492 
 4.221731  0.576290  0.598212  -0.083979  0.053492 
 4.213234  0.577444  0.598710  -0.085198  0.053858 
 4.213234  0.577444  0.598710  -0.085198  0.053858 
 4.204700  0.578605  0.599216  -0.086422  0.054228 
 4.204700  0.578605  0.599216  -0.086422  0.054228 
 4.196127  0.579772  0.599729  -0.087653  0.054602 
 4.196127  0.579772  0.599729  -0.087653  0.054602 
 4.187517  0.580946  0.600249  -0.088890  0.054980 
 4.187517  0.580946  0.600249  -0.088890  0.054980 
 4.178869  0.582127  0.600777  -0.090133  0.055363 
 4.178869  0.582127  0.600777  -0.090133  0.055363 
 4.170185  0.583315  0.601312  -0.091383  0.055749 
 4.170185  0.583315  0.601312  -0.091383  0.055749 
 4.161464  0.584510  0.601855  -0.092639  0.056140 
 4.161464  0.584510  0.601855  -0.092639  0.056140 
 4.152709  0.585713  0.602404  -0.093902  0.056535 
 4.152709  0.585713  0.602404  -0.093902  0.056535 
 4.143921  0.586922  0.602961  -0.095173  0.056935 
 4.143921  0.586922  0.602961  -0.095173  0.056935 
 4.135105  0.588139  0.603524  -0.096450  0.057340 
 4.135105  0.588139  0.603524  -0.096450  0.057340 
 4.126266  0.589363  0.604092  -0.097734  0.057749 
 4.126266  0.589363  0.604092  -0.097734  0.057749 
 4.117414  0.590594  0.604665  -0.099025  0.058165 
 4.117414  0.590594  0.604665  -0.099025  0.058165 
 4.108564  0.591833  0.605239  -0.100324  0.058588 
 4.108564  0.591833  0.605239  -0.100324  0.058588 
 4.099740  0.593080  0.605812  -0.101631  0.059018 
 4.099740  0.593080  0.605812  -0.101631  0.059018 
 4.090978  0.594334  0.606378  -0.102945  0.059457 
 4.090978  0.594334  0.606378  -0.102945  0.059457 
 4.082336  0.595596  0.606928  -0.104267  0.059909 
 4.082336  0.595596  0.606928  -0.104267  0.059909 
 4.073901  0.596865  0.607449  -0.105597  0.060378 
 4.073901  0.596865  0.607449  -0.105597  0.060378 
 4.065807  0.598139  0.607916  -0.106935  0.060871 
 4.065807  0.598139  0.607916  -0.106935  0.060871 
 4.058231  0.599406  0.608289  -0.108273  0.061400 
 4.058231  0.599406  0.608289  -0.108273  0.061400 
 4.051336  0.600616  0.608491  -0.109588  0.061994 
 4.051336  0.600616  0.608491  -0.109588  0.061994 
 4.045151  0.601702  0.608589  -0.110544  0.062441 
 4.045151  0.601702  0.608589  -0.110544  0.062441 
 4.039566  0.602646  0.608717  -0.111360  0.062810 
 4.039566  0.602646  0.608717  -0.111360  0.062810 
 4.034427  0.603478  0.608893  -0.112105  0.063129 
 4.034427  0.603478  0.608893  -0.112105  0.063129 
 4.029611  0.604226  0.609110  -0.112807  0.063415 
 4.029611  0.604226  0.609110  -0.112807  0.063415 
 4.025024  0.604916  0.609359  -0.113481  0.063679 
 4.025024  0.604916  0.609359  -0.113481  0.063679 
 4.020600  0.605563  0.609630  -0.114134  0.063926 
 4.020600  0.605563  0.609630  -0.114134  0.063926 
 4.016290  0.606181  0.609919  -0.114774  0.064161 
 4.016290  0.606181  0.609919  -0.114774  0.064161 
 4.012062  0.606779  0.610219  -0.115403  0.064389 
 4.012062  0.606779  0.610219  -0.115403  0.064389 
 4.007890  0.607363  0.610527  -0.116025  0.064610 
 4.007890  0.607363  0.610527  -0.116025  0.064610 
 4.003757  0.607938  0.610842  -0.116641  0.064828 
 4.003757  0.607938  0.610842  -0.116641  0.064828 
 3.999651  0.608507  0.611161  -0.117253  0.065043 
 3.999651  0.608507  0.611161  -0.117253  0.065043 
 3.995563  0.609073  0.611482  -0.117860  0.065256 
 3.995563  0.609073  0.611482  -0.117860  0.065256 
 3.991487  0.609638  0.611804  -0.118464  0.065467 
 3.991487  0.609638  0.611804  -0.118464  0.065467 
 3.987417  0.610203  0.612127  -0.119064  0.065677 
 3.987417  0.610203  0.612127  -0.119064  0.065677 
 3.983350  0.610769  0.612448  -0.119660  0.065887 
 3.983350  0.610769  0.612448  -0.119660  0.065887 
 3.979284  0.611337  0.612768  -0.120252  0.066095 
 3.979284  0.611337  0.612768  -0.120252  0.066095 
 3.975216  0.611908  0.613085  -0.120839  0.066303 
 3.975216  0.611908  0.613085  -0.120839  0.066303 
 3.971145  0.612483  0.613399  -0.121422  0.066510 
 3.971145  0.612483  0.613399  -0.121422  0.066510 
 3.967070  0.613061  0.613709  -0.121998  0.066716 
 3.967070  0.613061  0.613709  -0.121998  0.066716 
 3.962990  0.613644  0.614014  -0.122569  0.066921 
 3.962990  0.613644  0.614014  -0.122569  0.066921 
 3.958903  0.614232  0.614314  -0.123133  0.067125 
 3.958903  0.614232  0.614314  -0.123133  0.067125 
 3.954809  0.614825  0.614608  -0.123690  0.067328 
 3.954809  0.614825  0.614608  -0.123690  0.067328 
 3.950707  0.615424  0.614895  -0.124239  0.067531 
 3.950707  0.615424  0.614895  -0.124239  0.067531 
 3.946597  0.616028  0.615174  -0.124780  0.067732 
 3.946597  0.616028  0.615174  -0.124780  0.067732 
 3.942478  0.616640  0.615446  -0.125312  0.067931 
 3.942478  0.616640  0.615446  -0.125312  0.067931 
 3.938350  0.617257  0.615710  -0.125835  0.068130 
 3.938350  0.617257  0.615710  -0.125835  0.068130 
 3.934212  0.617882  0.615964  -0.126348  0.068327 
 3.934212  0.617882  0.615964  -0.126348  0.068327 
 3.930064  0.618513  0.616209  -0.126852  0.068522 
 3.930064  0.618513  0.616209  -0.126852  0.068522 
 3.925906  0.619152  0.616445  -0.127345  0.068716 
 3.925906  0.619152  0.616445  -0.127345  0.068716 
 3.921738  0.619798  0.616671  -0.127827  0.068908 
 3.921738  0.619798  0.616671  -0.127827  0.068908 
 3.917559  0.620451  0.616888  -0.128300  0.069099 
 3.917559  0.620451  0.616888  -0.128300  0.069099 
 3.913370  0.621112  0.617094  -0.128762  0.069289 
 3.913370  0.621112  0.617094  -0.128762  0.069289 
 3.909171  0.621780  0.617290  -0.129213  0.069477 
 3.909171  0.621780  0.617290  -0.129213  0.069477 
 3.904962  0.622456  0.617477  -0.129654  0.069663 
 3.904962  0.622456  0.617477  -0.129654  0.069663 
 3.900742  0.623139  0.617653  -0.130086  0.069848 
 3.900742  0.623139  0.617653  -0.130086  0.069848 
 3.896513  0.623829  0.617821  -0.130508  0.070032 
 3.896513  0.623829  0.617821  -0.130508  0.070032 
 3.892275  0.624526  0.617980  -0.130921  0.070215 
 3.892275  0.624526  0.617980  -0.130921  0.070215 
 3.888029  0.625230  0.618130  -0.131325  0.070397 
 3.888029  0.625230  0.618130  -0.131325  0.070397 
 3.883774  0.625940  0.618272  -0.131722  0.070577 
 3.883774  0.625940  0.618272  -0.131722  0.070577 
 3.879511  0.626656  0.618408  -0.132112  0.070758 
 3.879511  0.626656  0.618408  -0.132112  0.070758 
 3.875242  0.627377  0.618537  -0.132495  0.070937 
 3.875242  0.627377  0.618537  -0.132495  0.070937 
 3.870966  0.628104  0.618660  -0.132873  0.071116 
 3.870966  0.628104  0.618660  -0.132873  0.071116 
 3.866685  0.628836  0.618779  -0.133247  0.071295 
 3.866685  0.628836  0.618779  -0.133247  0.071295 
 3.862399  0.629572  0.618894  -0.133617  0.071474 
 3.862399  0.629572  0.618894  -0.133617  0.071474 
 3.858109  0.630311  0.619006  -0.133984  0.071653 
 3.858109  0.630311  0.619006  -0.133984  0.071653 
 3.853816  0.631054  0.619117  -0.134350  0.071833 
 3.853816  0.631054  0.619117  -0.134350  0.071833 
 3.849520  0.631800  0.619227  -0.134715  0.072013 
 3.849520  0.631800  0.619227  -0.134715  0.072013 
 3.845223  0.632548  0.619337  -0.135081  0.072194 
 3.845223  0.632548  0.619337  -0.135081  0.072194 
 3.840924  0.633297  0.619448  -0.135448  0.072375 
 3.840924  0.633297  0.619448  -0.135448  0.072375 
 3.836624  0.634048  0.619562  -0.135817  0.072558 
 3.836624  0.634048  0.619562  -0.135817  0.072558 
 3.832324  0.634799  0.619679  -0.136189  0.072742 
 3.832324  0.634799  0.619679  -0.136189  0.072742 
 3.828025  0.635550  0.619800  -0.136565  0.072927 
 3.828025  0.635550  0.619800  -0.136565  0.072927 
 3.823726  0.636301  0.619927  -0.136946  0.073114 
 3.823726  0.636301  0.619927  -0.136946  0.073114 
 3.819428  0.637051  0.620060  -0.137333  0.073302 
 3.819428  0.637051  0.620060  -0.137333  0.073302 
 3.815132  0.637800  0.620200  -0.137725  0.073492 
 3.815132  0.637800  0.620200  -0.137725  0.073492 
 3.810836  0.638547  0.620349  -0.138125  0.073684 
 3.810836  0.638547  0.620349  -0.138125  0.073684 
 3.806540  0.639291  0.620506  -0.138531  0.073877 
 3.806540  0.639291  0.620506  -0.138531  0.073877 
 3.802245  0.640033  0.620673  -0.138946  0.074071 
 3.802245  0.640033  0.620673  -0.138946  0.074071 
 3.797950  0.640772  0.620850  -0.139368  0.074268 
 3.797950  0.640772  0.620850  -0.139368  0.074268 
 3.793654  0.641508  0.621038  -0.139798  0.074465 
 3.793654  0.641508  0.621038  -0.139798  0.074465 
 3.789356  0.642239  0.621238  -0.140237  0.074664 
 3.789356  0.642239  0.621238  -0.140237  0.074664 
 3.785055  0.642967  0.621450  -0.140684  0.074865 
 3.785055  0.642967  0.621450  -0.140684  0.074865 
 3.780750  0.643691  0.621675  -0.141140  0.075066 
 3.780750  0.643691  0.621675  -0.141140  0.075066 
 3.776438  0.644411  0.621914  -0.141604  0.075269 
 3.776438  0.644411  0.621914  -0.141604  0.075269 
 3.772118  0.645125  0.622166  -0.142076  0.075472 
 3.772118  0.645125  0.622166  -0.142076  0.075472 
 3.767789  0.645835  0.622433  -0.142556  0.075675 
 3.767789  0.645835  0.622433  -0.142556  0.075675 
 3.763446  0.646540  0.622715  -0.143044  0.075879 
 3.763446  0.646540  0.622715  -0.143044  0.075879 
 3.759088  0.647240  0.623013  -0.143539  0.076082 
 3.759088  0.647240  0.623013  -0.143539  0.076082 
 3.754711  0.647934  0.623327  -0.144041  0.076285 
 3.754711  0.647934  0.623327  -0.144041  0.076285 
 3.750312  0.648622  0.623657  -0.144549  0.076487 
 3.750312  0.648622  0.623657  -0.144549  0.076487 
 3.745887  0.649305  0.624005  -0.145064  0.076687 
 3.745887  0.649305  0.624005  -0.145064  0.076687 
 3.741432  0.649983  0.624371  -0.145584  0.076886 
 3.741432  0.649983  0.624371  -0.145584  0.076886 
 3.736941  0.650654  0.624756  -0.146110  0.077082 
 3.736941  0.650654  0.624756  -0.146110  0.077082 
 3.732410  0.651319  0.625161  -0.146640  0.077276 
 3.732410  0.651319  0.625161  -0.146640  0.077276 
 3.727832  0.651978  0.625586  -0.147174  0.077467 
 3.727832  0.651978  0.625586  -0.147174  0.077467 
 3.723202  0.652631  0.626032  -0.147711  0.077654 
 3.723202  0.652631  0.626032  -0.147711  0.077654 
 3.718513  0.653278  0.626502  -0.148252  0.077836 
 3.718513  0.653278  0.626502  -0.148252  0.077836 
 3.713757  0.653918  0.626994  -0.148795  0.078014 
 3.713757  0.653918  0.626994  -0.148795  0.078014 
 3.708926  0.654552  0.627512  -0.149340  0.078186 
 3.708926  0.654552  0.627512  -0.149340  0.078186 
 3.704011  0.655179  0.628057  -0.149887  0.078352 
 3.704011  0.655179  0.628057  -0.149887  0.078352 
 3.699004  0.655800  0.628629  -0.150434  0.078511 
 3.699004  0.655800  0.628629  -0.150434  0.078511 
 3.693893  0.656414  0.629231  -0.150983  0.078663 
 3.693893  0.656414  0.629231  -0.150983  0.078663 
 3.688669  0.657021  0.629864  -0.151531  0.078807 
 3.688669  0.657021  0.629864  -0.151531  0.078807 
 3.683319  0.657622  0.630530  -0.152079  0.078941 
 3.683319  0.657622  0.630530  -0.152079  0.078941 
 3.677831  0.658216  0.631232  -0.152626  0.079066 
 3.677831  0.658216  0.631232  -0.152626  0.079066 
 3.672192  0.658804  0.631971  -0.153172  0.079181 
 3.672192  0.658804  0.631971  -0.153172  0.079181 
 3.666388  0.659385  0.632749  -0.153717  0.079284 
 3.666388  0.659385  0.632749  -0.153717  0.079284 
 3.660405  0.659959  0.633570  -0.154261  0.079376 
 3.660405  0.659959  0.633570  -0.154261  0.079376 
 3.654226  0.660528  0.634436  -0.154802  0.079454 
 3.654226  0.660528  0.634436  -0.154802  0.079454 
 3.647835  0.661090  0.635350  -0.155341  0.079519 
 3.647835  0.661090  0.635350  -0.155341  0.079519 
 3.641216  0.661646  0.636315  -0.155877  0.079569 
 3.641216  0.661646  0.636315  -0.155877  0.079569 
 3.634350  0.662197  0.637333  -0.156411  0.079603 
 3.634350  0.662197  0.637333  -0.156411  0.079603 
 3.627219  0.662742  0.638409  -0.156942  0.079620 
 3.627219  0.662742  0.638409  -0.156942  0.079620 
 3.619804  0.663281  0.639545  -0.157470  0.079620 
 3.619804  0.663281  0.639545  -0.157470  0.079620 
 3.612085  0.663815  0.640746  -0.157994  0.079601 
 3.612085  0.663815  0.640746  -0.157994  0.079601 
 3.604041  0.664345  0.642015  -0.158515  0.079562 
 3.604041  0.664345  0.642015  -0.158515  0.079562 
 3.595651  0.664870  0.643356  -0.159033  0.079502 
 3.595651  0.664870  0.643356  -0.159033  0.079502 
 3.586895  0.665391  0.644773  -0.159547  0.079420 
 3.586895  0.665391  0.644773  -0.159547  0.079420 
 3.577751  0.665907  0.646271  -0.160057  0.079314 
 3.577751  0.665907  0.646271  -0.160057  0.079314 
 3.568196  0.666421  0.647855  -0.160562  0.079184 
 3.568196  0.666421  0.647855  -0.160562  0.079184 
 3.558211  0.666930  0.649528  -0.161064  0.079028 
 3.558211  0.666930  0.649528  -0.161064  0.079028 
 3.547771  0.667437  0.651296  -0.161562  0.078844 
 3.547771  0.667437  0.651296  -0.161562  0.078844 
 3.536857  0.667941  0.653163  -0.162054  0.078632 
 3.536857  0.667941  0.653163  -0.162054  0.078632 
 3.525447  0.668442  0.655135  -0.162543  0.078389 
 3.525447  0.668442  0.655135  -0.162543  0.078389 
 3.513519  0.668941  0.657217  -0.163026  0.078115 
 3.513519  0.668941  0.657217  -0.163026  0.078115 
 3.501054  0.669438  0.659415  -0.163505  0.077807 
 3.501054  0.669438  0.659415  -0.163505  0.077807 
 3.488033  0.669933  0.661733  -0.163978  0.077465 
 3.488033  0.669933  0.661733  -0.163978  0.077465 
 3.474436  0.670427  0.664178  -0.164446  0.077087 
 3.474436  0.670427  0.664178  -0.164446  0.077087 
 3.460247  0.670919  0.666755  -0.164909  0.076670 
 3.460247  0.670919  0.666755  -0.164909  0.076670 
 3.445449  0.671411  0.669470  -0.165366  0.076214 
 3.445449  0.671411  0.669470  -0.165366  0.076214 
 3.430027  0.671901  0.672328  -0.165817  0.075717 
 3.430027  0.671901  0.672328  -0.165817  0.075717 
 3.413969  0.672391  0.675336  -0.166262  0.075177 
 3.413969  0.672391  0.675336  -0.166262  0.075177 
 3.397262  0.672880  0.678498  -0.166700  0.074593 
 3.397262  0.672880  0.678498  -0.166700  0.074593 
 3.379897  0.673369  0.681822  -0.167132  0.073962 
 3.379897  0.673369  0.681822  -0.167132  0.073962 
 3.361867  0.673857  0.685313  -0.167557  0.073284 
 3.361867  0.673857  0.685313  -0.167557  0.073284 
 3.343166  0.674346  0.688976  -0.167975  0.072556 
 3.343166  0.674346  0.688976  -0.167975  0.072556 
 3.323790  0.674834  0.692816  -0.168386  0.071778 
 3.323790  0.674834  0.692816  -0.168386  0.071778 
 3.303739  0.675323  0.696840  -0.168789  0.070947 
 3.303739  0.675323  0.696840  -0.168789  0.070947 
 3.283015  0.675812  0.701053  -0.169185  0.070062 
 3.283015  0.675812  0.701053  -0.169185  0.070062 
 3.261622  0.676302  0.705459  -0.169573  0.069121 
 3.261622  0.676302  0.705459  -0.169573  0.069121 
 3.239566  0.676793  0.710064  -0.169953  0.068124 
 3.239566  0.676793  0.710064  -0.169953  0.068124 
 3.216856  0.677285  0.714871  -0.170326  0.067069 
 3.216856  0.677285  0.714871  -0.170326  0.067069 
 3.193506  0.677778  0.719886  -0.170690  0.065955 
 3.193506  0.677778  0.719886  -0.170690  0.065955 
 3.169528  0.678273  0.725113  -0.171046  0.064780 
 3.169528  0.678273  0.725113  -0.171046  0.064780 
 3.144942  0.678771  0.730554  -0.171394  0.063545 
 3.144942  0.678771  0.730554  -0.171394  0.063545 
 3.119765  0.679271  0.736213  -0.171735  0.062247 
 3.119765  0.679271  0.736213  -0.171735  0.062247 
 3.094022  0.679774  0.742093  -0.172067  0.060887 
 3.094022  0.679774  0.742093  -0.172067  0.060887 
 3.067737  0.680281  0.748196  -0.172392  0.059464 
 3.067737  0.680281  0.748196  -0.172392  0.059464 
 3.040937  0.680793  0.754524  -0.172709  0.057978 
 3.040937  0.680793  0.754524  -0.172709  0.057978 
 3.013651  0.681309  0.761078  -0.173018  0.056428 
 3.013651  0.681309  0.761078  -0.173018  0.056428 
 2.985911  0.681830  0.767858  -0.173321  0.054815 
 2.985911  0.681830  0.767858  -0.173321  0.054815 
 2.957751  0.682358  0.774866  -0.173617  0.053139 
 2.957751  0.682358  0.774866  -0.173617  0.053139 
 2.929205  0.682893  0.782100  -0.173906  0.051400 
 2.929205  0.682893  0.782100  -0.173906  0.051400 
 2.900310  0.683436  0.789559  -0.174189  0.049599 
 2.900310  0.683436  0.789559  -0.174189  0.049599 
 2.871105  0.683986  0.797241  -0.174466  0.047736 
 2.871105  0.683986  0.797241  -0.174466  0.047736 
 2.841629  0.684546  0.805145  -0.174738  0.045813 
 2.841629  0.684546  0.805145  -0.174738  0.045813 
 2.811921  0.685116  0.813267  -0.175005  0.043830 
 2.811921  0.685116  0.813267  -0.175005  0.043830 
 2.782024  0.685696  0.821604  -0.175267  0.041790 
 2.782024  0.685696  0.821604  -0.175267  0.041790 
 2.751977  0.686288  0.830150  -0.175526  0.039694 
 2.751977  0.686288  0.830150  -0.175526  0.039694 
 2.721824  0.686891  0.838902  -0.175781  0.037543 
 2.721824  0.686891  0.838902  -0.175781  0.037543 
 2.691605  0.687507  0.847852  -0.176033  0.035340 
 2.691605  0.687507  0.847852  -0.176033  0.035340 
 2.661363  0.688136  0.856996  -0.176283  0.033086 
 2.661363  0.688136  0.856996  -0.176283  0.033086 
 2.631138  0.688778  0.866325  -0.176530  0.030784 
 2.631138  0.688778  0.866325  -0.176530  0.030784 
 2.600972  0.689434  0.875833  -0.176776  0.028437 
 2.600972  0.689434  0.875833  -0.176776  0.028437 
 2.570904  0.690104  0.885510  -0.177020  0.026046 
 2.570904  0.690104  0.885510  -0.177020  0.026046 
 2.540973  0.690788  0.895348  -0.177264  0.023616 
 2.540973  0.690788  0.895348  -0.177264  0.023616 
 2.511217  0.691487  0.905338  -0.177506  0.021148 
 2.511217  0.691487  0.905338  -0.177506  0.021148 
 2.481674  0.692199  0.915470  -0.177749  0.018646 
 2.481674  0.692199  0.915470  -0.177749  0.018646 
 2.452377  0.692926  0.925733  -0.177991  0.016112 
 2.452377  0.692926  0.925733  -0.177991  0.016112 
 2.423361  0.693666  0.936116  -0.178234  0.013551 
 2.423361  0.693666  0.936116  -0.178234  0.013551 
 2.394658  0.694419  0.946608  -0.178476  0.010965 
 2.394658  0.694419  0.946608  -0.178476  0.010965 
 2.366298  0.695186  0.957198  -0.178719  0.008357 
 2.366298  0.695186  0.957198  -0.178719  0.008357 
 2.338310  0.695964  0.967873  -0.178962  0.005732 
 2.338310  0.695964  0.967873  -0.178962  0.005732 
 2.310721  0.696754  0.978621  -0.179206  0.003092 
 2.310721  0.696754  0.978621  -0.179206  0.003092 
 2.283555  0.697554  0.989430  -0.179450  0.000440 
 2.283555  0.697554  0.989430  -0.179450  0.000440 
 2.256836  0.698363  1.000286  -0.179694  -0.002218 
 2.256836  0.698363  1.000286  -0.179694  -0.002218 
 2.230584  0.699181  1.011178  -0.179938  -0.004882 
 2.230584  0.699181  1.011178  -0.179938  -0.004882 
 2.204819  0.700006  1.022091  -0.180182  -0.007546 
 2.204819  0.700006  1.022091  -0.180182  -0.007546 
 2.179558  0.700838  1.033013  -0.180426  -0.010207 
 2.179558  0.700838  1.033013  -0.180426  -0.010207 
 2.154816  0.701674  1.043931  -0.180668  -0.012863 
 2.154816  0.701674  1.043931  -0.180668  -0.012863 
 2.130606  0.702513  1.054832  -0.180910  -0.015509 
 2.130606  0.702513  1.054832  -0.180910  -0.015509 
 2.106941  0.703355  1.065702  -0.181150  -0.018143 
 2.106941  0.703355  1.065702  -0.181150  -0.018143 
 2.083829  0.704197  1.076530  -0.181389  -0.020761 
 2.083829  0.704197  1.076530  -0.181389  -0.020761 
 2.061280  0.705039  1.087303  -0.181625  -0.023360 
 2.061280  0.705039  1.087303  -0.181625  -0.023360 
 2.039299  0.705878  1.098007  -0.181859  -0.025938 
 2.039299  0.705878  1.098007  -0.181859  -0.025938 
 2.017892  0.706713  1.108632  -0.182089  -0.028491 
 2.017892  0.706713  1.108632  -0.182089  -0.028491 
 1.997062  0.707544  1.119165  -0.182316  -0.031017 
 1.997062  0.707544  1.119165  -0.182316  -0.031017 
 1.976811  0.708367  1.129595  -0.182540  -0.033512 
 1.976811  0.708367  1.129595  -0.182540  -0.033512 
 1.957140  0.709183  1.139911  -0.182759  -0.035975 
 1.957140  0.709183  1.139911  -0.182759  -0.035975 
 1.938048  0.709990  1.150103  -0.182973  -0.038402 
 1.938048  0.709990  1.150103  -0.182973  -0.038402 
 1.919534  0.710786  1.160160  -0.183182  -0.040793 
 1.919534  0.710786  1.160160  -0.183182  -0.040793 
 1.901594  0.711570  1.170072  -0.183385  -0.043143 
 1.901594  0.711570  1.170072  -0.183385  -0.043143 
 1.884224  0.712341  1.179830  -0.183582  -0.045452 
 1.884224  0.712341  1.179830  -0.183582  -0.045452 
 1.867420  0.713098  1.189427  -0.183773  -0.047717 
 1.867420  0.713098  1.189427  -0.183773  -0.047717 
 1.851176  0.713840  1.198853  -0.183957  -0.049938 
 1.851176  0.713840  1.198853  -0.183957  -0.049938 
 1.835484  0.714565  1.208101  -0.184134  -0.052111 
 1.835484  0.714565  1.208101  -0.184134  -0.052111 
 1.820339  0.715273  1.217165  -0.184303  -0.054235 
 1.820339  0.715273  1.217165  -0.184303  -0.054235 
 1.805731  0.715964  1.226038  -0.184465  -0.056311 
 1.805731  0.715964  1.226038  -0.184465  -0.056311 
 1.791652  0.716635  1.234714  -0.184619  -0.058335 
 1.791652  0.716635  1.234714  -0.184619  -0.058335 
 1.778093  0.717288  1.243188  -0.184765  -0.060307 
 1.778093  0.717288  1.243188  -0.184765  -0.060307 
 1.765044  0.717920  1.251455  -0.184902  -0.062227 
 1.765044  0.717920  1.251455  -0.184902  -0.062227 
 1.752495  0.718532  1.259513  -0.185030  -0.064093 
 1.752495  0.718532  1.259513  -0.185030  -0.064093 
 1.740435  0.719123  1.267357  -0.185150  -0.065905 
 1.740435  0.719123  1.267357  -0.185150  -0.065905 
 1.728853  0.719693  1.274985  -0.185261  -0.067663 
 1.728853  0.719693  1.274985  -0.185261  -0.067663 
 1.717739  0.720241  1.282394  -0.185363  -0.069365 
 1.717739  0.720241  1.282394  -0.185363  -0.069365 
 1.707081  0.720768  1.289584  -0.185456  -0.071013 
 1.707081  0.720768  1.289584  -0.185456  -0.071013 
 1.696867  0.721273  1.296553  -0.185540  -0.072605 
 1.696867  0.721273  1.296553  -0.185540  -0.072605 
 1.687085  0.721756  1.303301  -0.185614  -0.074143 
 1.687085  0.721756  1.303301  -0.185614  -0.074143 
 1.677723  0.722218  1.309828  -0.185680  -0.075626 
 1.677723  0.722218  1.309828  -0.185680  -0.075626 
 1.668771  0.722657  1.316134  -0.185737  -0.077054 
 1.668771  0.722657  1.316134  -0.185737  -0.077054 
 1.660214  0.723075  1.322222  -0.185785  -0.078428 
 1.660214  0.723075  1.322222  -0.185785  -0.078428 
 1.652042  0.723472  1.328092  -0.185824  -0.079748 
 1.652042  0.723472  1.328092  -0.185824  -0.079748 
 1.644241  0.723848  1.333746  -0.185854  -0.081015 
 1.644241  0.723848  1.333746  -0.185854  -0.081015 
 1.636801  0.724203  1.339188  -0.185875  -0.082230 
 1.636801  0.724203  1.339188  -0.185875  -0.082230 
 1.629709  0.724537  1.344419  -0.185888  -0.083394 
 1.629709  0.724537  1.344419  -0.185888  -0.083394 
 1.622953  0.724851  1.349444  -0.185893  -0.084506 
 1.622953  0.724851  1.349444  -0.185893  -0.084506 
 1.616521  0.725145  1.354265  -0.185889  -0.085569 
 1.616521  0.725145  1.354265  -0.185889  -0.085569 
 1.610402  0.725421  1.358887  -0.185878  -0.086584 
 1.610402  0.725421  1.358887  -0.185878  -0.086584 
 1.604583  0.725677  1.363314  -0.185859  -0.087550 
 1.604583  0.725677  1.363314  -0.185859  -0.087550 
 1.599053  0.725915  1.367551  -0.185832  -0.088471 
 1.599053  0.725915  1.367551  -0.185832  -0.088471 
 1.593802  0.726135  1.371601  -0.185798  -0.089346 
 1.593802  0.726135  1.371601  -0.185798  -0.089346 
 1.588817  0.726338  1.375471  -0.185756  -0.090177 
 1.588817  0.726338  1.375471  -0.185756  -0.090177 
 1.584088  0.726524  1.379164  -0.185708  -0.090965 
 1.584088  0.726524  1.379164  -0.185708  -0.090965 
 1.579604  0.726693  1.382687  -0.185653  -0.091711 
 1.579604  0.726693  1.382687  -0.185653  -0.091711 
 1.575355  0.726847  1.386044  -0.185591  -0.092418 
 1.575355  0.726847  1.386044  -0.185591  -0.092418 
 1.571330  0.726986  1.389241  -0.185523  -0.093086 
 1.571330  0.726986  1.389241  -0.185523  -0.093086 
 1.567519  0.727109  1.392284  -0.185449  -0.093716 
 1.567519  0.727109  1.392284  -0.185449  -0.093716 
 1.563913  0.727219  1.395178  -0.185369  -0.094310 
 1.563913  0.727219  1.395178  -0.185369  -0.094310 
 1.560501  0.727315  1.397929  -0.185283  -0.094869 
 1.560501  0.727315  1.397929  -0.185283  -0.094869 
 1.557275  0.727398  1.400542  -0.185192  -0.095396 
 1.557275  0.727398  1.400542  -0.185192  -0.095396 
 1.554226  0.727468  1.403023  -0.185096  -0.095890 
 1.554226  0.727468  1.403023  -0.185096  -0.095890 
 1.551344  0.727526  1.405377  -0.184995  -0.096353 
 1.551344  0.727526  1.405377  -0.184995  -0.096353 
 1.548621  0.727572  1.407611  -0.184889  -0.096788 
 1.548621  0.727572  1.407611  -0.184889  -0.096788 
 1.546049  0.727607  1.409729  -0.184778  -0.097194 
 1.546049  0.727607  1.409729  -0.184778  -0.097194 
 1.543619  0.727631  1.411736  -0.184663  -0.097574 
 1.543619  0.727631  1.411736  -0.184663  -0.097574 
 1.541325  0.727645  1.413639  -0.184544  -0.097929 
 1.541325  0.727645  1.413639  -0.184544  -0.097929 
 1.539158  0.727649  1.415442  -0.184420  -0.098260 
 1.539158  0.727649  1.415442  -0.184420  -0.098260 
 1.537112  0.727643  1.417151  -0.184293  -0.098568 
 1.537112  0.727643  1.417151  -0.184293  -0.098568 
 1.535180  0.727628  1.418769  -0.184162  -0.098854 
 1.535180  0.727628  1.418769  -0.184162  -0.098854 
 1.533355  0.727605  1.420303  -0.184028  -0.099121 
 1.533355  0.727605  1.420303  -0.184028  -0.099121 
 1.531630  0.727573  1.421757  -0.183890  -0.099367 
 1.531630  0.727573  1.421757  -0.183890  -0.099367 
 1.530000  0.727533  1.423135  -0.183749  -0.099596 
 1.530000  0.727533  1.423135  -0.183749  -0.099596 
 1.528458  0.727486  1.424441  -0.183605  -0.099808 
 1.528458  0.727486  1.424441  -0.183605  -0.099808 
 1.527000  0.727431  1.425680  -0.183457  -0.100004 
 1.527000  0.727431  1.425680  -0.183457  -0.100004 
 1.525620  0.727369  1.426857  -0.183307  -0.100185 
 1.525620  0.727369  1.426857  -0.183307  -0.100185 
 1.524313  0.727300  1.427974  -0.183155  -0.100352 
 1.524313  0.727300  1.427974  -0.183155  -0.100352 
 1.523074  0.727225  1.429035  -0.182999  -0.100506 
 1.523074  0.727225  1.429035  -0.182999  -0.100506 
 1.521898  0.727143  1.430045  -0.182841  -0.100647 
 1.521898  0.727143  1.430045  -0.182841  -0.100647 
 1.520782  0.727056  1.431006  -0.182681  -0.100777 
 1.520782  0.727056  1.431006  -0.182681  -0.100777 
 1.519720  0.726962  1.431922  -0.182518  -0.100897 
 1.519720  0.726962  1.431922  -0.182518  -0.100897 
 1.518710  0.726863  1.432795  -0.182354  -0.101007 
 1.518710  0.726863  1.432795  -0.182354  -0.101007 
 1.517748  0.726758  1.433630  -0.182187  -0.101107 
 1.517748  0.726758  1.433630  -0.182187  -0.101107 
 1.516829  0.726649  1.434428  -0.182018  -0.101200 
 1.516829  0.726649  1.434428  -0.182018  -0.101200 
 1.515952  0.726534  1.435192  -0.181847  -0.101284 
 1.515952  0.726534  1.435192  -0.181847  -0.101284 
 1.515112  0.726414  1.435925  -0.181674  -0.101362 
 1.515112  0.726414  1.435925  -0.181674  -0.101362 
 1.514307  0.726290  1.436629  -0.181499  -0.101433 
 1.514307  0.726290  1.436629  -0.181499  -0.101433 
 1.513534  0.726161  1.437306  -0.181323  -0.101498 
 1.513534  0.726161  1.437306  -0.181323  -0.101498 
 1.512791  0.726027  1.437958  -0.181144  -0.101557 
 1.512791  0.726027  1.437958  -0.181144  -0.101557 
 1.512076  0.725889  1.438588  -0.180964  -0.101612 
 1.512076  0.725889  1.438588  -0.180964  -0.101612 
 1.511385  0.725747  1.439197  -0.180783  -0.101662 
 1.511385  0.725747  1.439197  -0.180783  -0.101662 
 1.510717  0.725601  1.439788  -0.180600  -0.101707 
 1.510717  0.725601  1.439788  -0.180600  -0.101707 
 1.510071  0.725452  1.440361  -0.180415  -0.101750 
 1.510071  0.725452  1.440361  -0.180415  -0.101750 
 1.509447  0.725302  1.440921  -0.180231  -0.101790 
 1.509447  0.725302  1.440921  -0.180231  -0.101790 
 1.508851  0.725160  1.441476  -0.180050  -0.101829 
 1.508851  0.725160  1.441476  -0.180050  -0.101829 
 1.508314  0.725061  1.442053  -0.179887  -0.101875 
 1.508314  0.725061  1.442053  -0.179887  -0.101875 
 1.507960  0.725141  1.442754  -0.179800  -0.101954 
 1.507960  0.725141  1.442754  -0.179800  -0.101954 
 1.508285  0.725937  1.443979  -0.180015  -0.102171 
 1.508285  0.725937  1.443979  -0.180015  -0.102171 
 1.511139  0.729443  1.447209  -0.181377  -0.102912 
 1.511139  0.729443  1.447209  -0.181377  -0.102912 
 1.524186  0.743839  1.458309  -0.187660  -0.105911 
 1.524186  0.743839  1.458309  -0.187660  -0.105911 
 1.555875  0.778689  1.488680  -0.199011  -0.110927 
 1.492498  0.708989  1.427938  -0.176310  -0.100896 
